115
113.31217 23.113815 2 00000000000000000000000000000000000000000001 2.0408442901926 8.5 21.5 255
113.33097514 23.11238098 2.5 00000000000000000000100000000000000000000000 2.56227764288218 9.5 22.5 150
113.32172041 23.00826752 3 00000000000000000100000000000000000000000000 4.13521550517772 9.5 18.5 372
113.25175379 23.11355541 2.5 00000000000000000000000000000000001000000000 1.86941061353076 6.5 23.5 53
113.33707003 23.0051108 3 00000000000000000000000010000000000000000000 3.13672487143579 9.5 18.0 214
113.25280904 23.13162747 3 00000010000000000000000000000000000000000000 1.75621456498382 8.5 17.5 10
111.87149449 33.67270688 2 00000000000000000000000000000000001000000000 2.36576926789128 6.5 23.5 17
113.27209345 23.14644592 2 00000000000000000000000000000000001000000000 1.81162229536666 6.5 23.5 28
113.33374903 23.0020848 2.5 00000000000000000000000000000000000000000001 3.21492635216202 17.0 21.0 350
113.27754861 23.12107346 2 00000000000000000100000000000000000000000000 1.99624881163748 18.0 23.0 99
113.33082241 23.00691452 2 00000000000000000000000010000000000000000000 2.90603981199874 9.5 22.0 156
113.33218703 23.0045368 2 00000000000000000100000000000000000000000000 2.83154614253408 10.0 20.5 285
113.254573 23.120593 2 00000000000000000000000000000000000000000100 0.938425457558779 6.5 23.5 94
113.27116867 23.13897468 2 00000000000000000000000000000000000000000001 1.92357817515248 8.0 18.0 11
113.26656646 23.12058261 1.5 00000000000000000000100000000000000000000000 1.79557951132551 8.5 11.5 37
113.41263045 23.04301235 2 00000000000000000000100000000000000000000000 2.04927801388173 9.0 17.0 65
113.36893391 23.04516322 2 00000010000000000000000000000000000000000000 2.41526556724846 9.0 16.5 61
113.426955 23.430737 2 00000000000000000000000000000000000000000100 1.40486229742131 6.5 23.5 124
113.300933 22.900733 3 00000000000000000000100000000000000000000000 2.29169547967509 8.0 17.5 52
113.331127 23.125752 2 00000000000000000000100000000000000000000000 2.15631762921025 10.0 21.5 59
113.626456 22.634439 2 00000000000000000000000010000000000000000000 1.66108658157308 9.0 17.0 120
113.722412 23.704679 2 00000000000000000000000000000000000000000010 2.90031086824626 12.0 20.0 259
113.365382 23.183731 2 00000000000000000000000000000000001000000000 1.91690814327889 7.0 18.5 36
113.771154 23.599255 2 00000000000000000000000000000000001000000000 1.90168041335225 8.5 17.5 60
113.304864 23.102915 2 00000000000000000000110000000000000000000000 2.05835571673835 6.5 23.5 0
113.332975 23.120486 2 00000010000000000000000000000000000000000000 2.10545426951173 9.0 17.0 0
113.311903 23.147376 1.5 00000100000000000000000000000000000000000000 1.63015098309604 8.0 18.0 20
113.267474 23.144033 2 00000010000000000000000000000000000000000000 1.58000198224116 9.0 17.5 12
113.340932 22.909439 2 00000000000000000000100000000000000000000000 1.10901553829619 9.5 17.5 39
113.332856 23.137758 2 00000000000000000000000000000000000000000100 1.68885885475423 10.0 21.5 191
113.272097 23.144241 2.5 00000010000000000000000000000000000000000000 1.67973078960279 10.0 17.0 10
113.32772 23.12523 2 00000000000000000000100000000000000000000000 2.22818776834358 6.5 23.0 100
113.51169039 22.9920606 2.5 00000000000000000000000000000000001000000000 1.56121226522053 6.5 23.5 64
113.40173456 23.0178158 2 00000000000000000000000000000000001100000000 1.90378282476724 8.0 18.0 19
113.50397238 23.08716353 2 00000000000000000000100000000000000000000000 1.5664059913994 9.0 17.0 13
113.28390546 23.0323867 2 00000000000000000000000000000000001000000000 2.44792254324502 9.0 18.5 100
113.64654591 22.60705789 2 00000000000000000000000000000000001000000000 1.0762567126027 9.0 18.5 50
113.33100514 23.11686098 2 00000000000000000000101000000000000000000000 1.72822202731112 9.0 17.0 75
113.30276209 23.14457458 2 00000000000000000000100000000000000000000000 1.46387046278309 6.0 22.0 0
113.26266367 23.13458668 2 00000000000000000000100000000000000000000000 1.66060771831523 6.0 17.0 6
113.43174464 23.09224778 3 00000000000000000000100000000000000000000000 1.69513804927298 9.0 17.0 29
113.62542908 22.76227489 2 00000000000000000000100000000000000000000000 1.2329194492366 8.5 17.0 20
113.23973243 23.12638643 2 00000000000000000000000000000000001000000000 1.25180002874997 6.0 22.5 0
113.7895162 23.75474104 2 00000000000000000000000000000000001000000000 0.890615382531495 8.0 17.5 40
113.36545758 23.06632842 5 00000000000000000000100000000000000000000000 0.0209729529189437 6.5 23.5 49
113.3149989 23.11443919 5 00000000000000000000000000000000001000000000 2.16532423041634 6.5 23.5 64
113.31528436 22.95644441 2 00000000000000000000000000000000001000000000 1.77052093464796 8.0 17.5 26
113.18658181 23.40604527 3 00000000000000000000100000000000000000000000 1.63994057469103 8.0 17.0 20
113.3325799 23.12202244 2 00000000000100000000000000000000000000000000 2.19829978036146 9.0 16.0 0
113.8176198 23.62611527 2 00000000000000000000000000000000001000000000 1.37984566855532 9.0 17.0 40
113.16726478 23.40665857 2 00000000000000000000000000001000000000000000 1.66311321866064 9.0 16.5 57
113.37033908 23.1232129 2 00000000000000000000000000000000001000000000 1.35803792266873 6.5 23.5 25
113.27743128 23.13243551 2 00000000000000000000100000000000000000000000 1.4091196997771 6.5 23.5 15
113.25671158 23.14231198 4 00000000000000000000000000000000001000000000 1.6216390479578 6.5 23.5 36
113.29518914 23.16087627 3 00000000000000000000000000000000001000000000 1.51665057286799 8.0 18.0 13
113.25833072 23.09600973 2 00010000000000000000000000000000000000000000 1.6542337655739 6.5 23.5 101
113.31366391 23.11399719 3 00000010000000000000000000000000000000000000 2.15743572932665 10.0 17.0 32
113.35404229 23.13688441 2 00000000000000000000100000000000000000000000 1.73837830127005 6.5 23.5 0
113.24153543 23.12507443 2 00000000000000000000000000000000001001000000 1.31801371475746 6.5 23.5 41
113.26665367 23.13386668 3 00000000000000000000100000000000000000000000 1.13857859015949 8.0 18.0 6
113.34239017 23.07362851 1.5 00000000000000000000000000000000001000000000 1.78881870858029 9.0 18.0 22
113.26940092 23.14405291 2 00000000000000000000000000000000001000000000 1.62326527878121 6.5 23.5 0
113.53329889 23.18999532 2 00000000000000000000000000000000001000000000 0.902029709693293 8.5 17.5 23
113.28551757 23.11626542 2 00000000000000000000100000000000000000000000 1.34553135086935 9.0 17.5 0
113.86824506 23.71642264 2 00000000000000000000000000000000001010000000 1.68872376858142 13.5 15.5 68
113.39774249 23.09130476 2 00000000000000000000100000000000000000000000 1.16509346614496 6.5 23.5 0
113.2752836 23.13111492 2 00000000000000000000100000000000000000000000 1.32087484063057 6.5 23.5 0
113.33060142 23.07888499 2 00000000000000000000000000000000001000000000 1.49874353367485 9.0 21.0 0
113.2427429 23.12634699 2 00000000000000000000100000000000000000000000 1.05079045860927 6.5 23.5 0
113.31104809 23.15009658 2 00000100000000000000000000000000000000000000 1.40145148150318 8.5 17.5 114
113.29129045 23.15546138 2 00000000000000000000000000000000001000000000 1.4930047791333 6.5 23.5 21
113.26739532 23.46736032 2 00000000000000000000000000000000001000000000 0.872480254403543 9.0 18.0 50
113.44273951 23.08231197 2 00000000000000000000100000000000000000000000 1.3809806526109 6.5 23.5 66
113.52840392 22.92416677 2 00000000000000000000000000000000001010000000 1.04495827984859 6.5 23.5 63
113.26676092 23.14964291 2 00000000000000000000000000000000001000000000 1.49248716014357 9.0 17.5 8
113.28017976 23.09844898 2 00000000000000000000100000000000000000000000 1.21122198951925 9.0 17.0 3
113.24807869 23.11251039 2 00000000000010000000000000000000000000000000 1.31578976610023 10.0 21.0 12
113.33162552 23.10599486 2 00010000000000000000000000000000000000000000 1.58319130960965 9.0 21.0 49
113.39694066 23.18720939 2 00000000000000000000000000000000001000000000 0.97093505915851 6.0 23.5 19
113.33053091 23.13308607 2 00000000000000000000000000000000001000000000 0.950825653578125 11.0 23.0 300
113.4692602 23.30829315 2 00000000000000000000000000000000001000000000 1.11132064860244 8.0 17.0 22
113.24014843 23.12451543 2 00000000000000000000000000000000001000000000 0.815610555198154 10.0 22.0 100
113.25419379 23.11316541 2 00000000000010000000000000000000000000000000 1.50454285343864 6.0 17.5 0
113.51471905 22.9835538 2 00100000000000000000000000000000000000000000 1.30170752367387 8.0 17.0 53
113.28649342 23.5852054 2 00000000000000000000100000000000000000000000 0.629664548269201 9.0 16.0 33
113.38278584 23.07176599 2 00000000000000000000000000000000001000000000 1.55734879334844 8.0 17.0 17
113.644124 22.62113073 2 00000000000000000000000000000000001000000000 1.00789000367598 9.0 17.0 80
113.33160035 23.11738043 2 00000000000000000000100000000000000000000000 1.44888339953802 10.0 22.0 310
113.2476885 23.43543403 2 00000000000000000000000010000000000000000000 3.51986870591522 10.0 17.0 146
121.64591046 38.92325603 2 00000001000000000000000000000000000000000000 1.68574852677644 6.0 23.5 0
113.296157 22.903942 2 00000000000000000000100000000000000000000000 1.50712709663562 8.0 19.0 41
113.233823 23.111061 2 00000000000000000000100000000000000000000000 0.225158620339041 6.0 23.0 0
113.426332 23.22873 2 00000000000000000000000000000000001000000000 0.507578546855681 8.0 18.0 14
113.27755 23.12097 2 00000000000000000000000000000100000000000000 1.73059243415403 10.0 21.0 123
113.331575 23.143232 2 00100000000000000000000000000000000000000000 1.42816029373642 6.0 22.0 157
113.300049 23.127913 2 00000000000000000000100000000000000000000000 1.72154473171549 6.0 23.5 0
113.222987 23.573497 2 00000000000000000000000000000000001000000000 0.34756040675436 9.0 18.0 33
113.225884 23.395248 2 00000000000000000000000000000000001000000000 1.2371585383638 6.0 23.5 0
113.028816 23.449214 2 00000000000000000000000000000000001000000000 0.592531565599924 9.0 17.0 76
113.27755 23.12097 2 00000000000000000000100000000000000000000000 2.07397249924049 9.0 22.0 93
113.291884 23.118716 2 00000000000000000000100000000000000000000000 1.73786077390143 18.0 22.0 105
113.2923 23.135141 2 00000000000000000000100000000000000000000000 1.32048776707115 6.0 21.0 12
113.329131 23.120842 2 00000000000000000000100000000000000000000000 2.61443628327525 8.0 22.0 30
113.329245 23.113213 2 00000000000000000000100000000000000000000000 1.733471206254 9.5 22.5 78
113.351557 23.161069 2 00000000000000000000100000000000000000000000 1.87364480642554 6.0 23.5 0
113.333631 23.137856 2 00000000000000000000000000000000000000000100 1.54324023367284 10.0 22.0 10
113.792989 23.571266 2 00000000000000000000000000010000000000000000 2.00862576887707 8.5 1.0 168
113.340423 23.117301 2 00000000000000000000100000000000000000000000 1.26526829975661 6.0 23.5 0
113.401701 23.064097 2 00000000000000000000100000000000000000000000 1.51728896314744 6.0 23.5 0
113.419942 23.480803 2 00000000000000000100000000000000000000000000 0.732223913034936 6.0 23.5 132
113.257336 23.115633 2 00000000000000000000000000000000001000000000 0.854916314299186 6.5 22.0 14
113.270717 23.185606 2 00000000000000000000000000000000000000000100 1.93229387931661 10.0 17.0 230
113.661424 23.652204 2 00000000000000000000000000010000000000000000 2.76032581700088 10.0 22.0 277
113.040189 23.44916 2 00000000000000000000000000010000000000000000 2.32176426177217 6.0 23.5 138
113.272875 23.121171 2 00000000000000000000000000000000000000000100 1.36490459178058 6.0 23.5 0
